#Omegam Omegade Omegab w0 wa h ns sigma8 aIA etaIA betaIA b1 b2 b3 b4 b5 b6 b7 b8 b9 b10
2.3053013624575727e7	2.7271029390813224e6	-8.650295458932057e6	-769288.1272033759	-81114.91903311128	2.3170749056208874e6	3.403337129944987e6	1.2078155619538281e7	12357.832138394308	22771.546074898317	9932.395992262402	-1.827543275588166e6	-563371.2915209909	-167122.79486627725	-3475.898429488472	93396.30127701204	169641.8683059308	234654.08290270978	280646.03308380867	298074.44134233525	169238.26733814494

2.7271029390813448e6	3.181636086530784e6	5.379658809833542e6	-2.9230885702697346e6	-613794.4053686569	-1.6191946158102949e6	-1.231774217707226e6	-1.2588409775286289e7	-6415.437606736365	-9753.495138671427	341.6792706481183	-1.0086776311362932e6	-970597.2578835614	-813711.2655734585	-716582.9792657449	-640234.3166965812	-582979.8992299045	-534196.1703638816	-485010.38150216953	-416663.5134619747	-225878.26158546467

-8.650295458933193e6	5.379658809833659e6	2.3417255221867096e7	-6.359372913095136e6	-1.3278006542743722e6	-5.762798579528652e6	-6.581479169449862e6	-3.725348626986107e7	425.7051754280593	-10.164993399874902	-1747.3118279059531	-2.478640245734823e6	-2.114007879048132e6	-1.710010097490485e6	-1.5428858328560505e6	-1.3781920633473066e6	-1.3058110927672745e6	-1.2526003213055155e6	-1.1841395421033953e6	-1.0450576753712216e6	-536276.91386459

-769288.1272033087	-2.923088570269731e6	-6.359372913095284e6	2.973001779705114e6	615132.8283135071	1.6274659326720168e6	1.698678957349438e6	1.4609848057163524e7	2905.405091274759	4412.183621039054	-173.65999427441778	1.1678525426196815e6	1.0250842591002373e6	830269.9395942729	720906.6544432433	645256.5143801502	589277.2103281106	544481.8292515173	500396.8953674254	436736.4889455125	241664.7430449817

-81114.91903311438	-613794.4053686527	-1.3278006542743724e6	615132.8283135083	131746.948189948	356581.0315969265	318886.95685999485	2.995419517626609e6	805.9175691796302	1249.440769440362	19.950298638524377	161981.23535148587	173471.8625954712	157920.10394701856	147828.73399702995	139210.44876760824	132387.29893310936	127201.56259193558	120548.36404120488	110408.00863594552	64555.9653613739

2.317074905622099e6	-1.6191946158105272e6	-5.762798579529209e6	1.6274659326718529e6	356581.0315969418	3.5292986530285706e6	1.7869438969077913e6	9.342566614440043e6	-224.31329001436936	-126.72595091720098	572.4257395047	768596.138916566	577590.8114363557	432578.60380836285	368221.3579813279	330891.83335543756	308960.64796214824	292034.4941563467	276421.4444027883	242770.50925969094	121930.46620892809

3.4033371299445936e6	-1.2317742177072405e6	-6.5814791694486e6	1.6986789573494275e6	318886.9568599976	1.786943896907164e6	2.900770841958788e6	1.130240585933806e7	-877.653813181893	-906.2171657167551	1161.870763865264	1.5436267509520892e6	921832.7473257747	574068.087133126	404333.4089610833	303515.0691508473	236061.55312150688	186126.11885631538	142905.01822985278	95448.55950114258	21633.25504380009

1.207815561953868e7	-1.2588409775286285e7	-3.72534862698619e7	1.4609848057163516e7	2.9954195176266055e6	9.342566614440572e6	1.1302405859338198e7	8.56213326527553e7	100.29421137128065	1366.0566000361173	3163.9495376113023	6.203067544327883e6	5.472342380280839e6	4.379353365940134e6	3.7423226953129657e6	3.296841909708781e6	2.9737092791428403e6	2.7138094276749017e6	2.46157676989433e6	2.1231536674792697e6	1.1511592702751488e6

12357.832138394308	-6415.437606736365	425.7051754280593	2905.405091274759	805.9175691796302	-224.31329001436936	-877.653813181893	100.29421137128065	3259.7210110126102	5167.976869552382	399.2969227959636	87.88040226320884	-28.486085357513623	30.17133874107124	8.843697909058402	-1.614907912836113	41.60674238260956	49.49195904759469	59.350971080201205	-24.390452820418552	-154.05270252032852

22771.546074898317	-9753.495138671427	-10.164993399874902	4412.183621039054	1249.440769440362	-126.72595091720098	-906.2171657167551	1366.0566000361173	5167.976869552382	8378.790576285848	1124.6907545040078	52.763914631751994	-29.354217410686335	29.085919324908993	8.19134682007071	3.784349052532571	45.09694000601812	60.39980501107679	86.430818183337	-53.24005983619235	-267.48303800713086

9932.395992262402	341.6792706481183	-1747.3118279059531	-173.65999427441778	19.950298638524377	572.4257395047	1161.870763865264	3163.9495376113023	399.2969227959636	1124.6907545040078	1372.0914777612047	-239.56818147613006	21.46902582940163	-13.413266790376753	-17.38165232480486	1.2218943864677083	-56.06345291625731	-59.573729821647504	-18.26801087855434	-15.137730667194143	-85.62694046450513

-1.827543275588166e6	-1.0086776311362932e6	-2.478640245734823e6	1.1678525426196815e6	161981.23535148587	768596.138916566	1.5436267509520892e6	6.203067544327883e6	87.88040226320884	52.763914631751994	-239.56818147613006	3.616487701044065e6	378155.2543697279	7646.2605520628	2702.853952350112	478.7908877798577	145.45817959035233	69.4421006373573	28.090187596440597	2.632915731332069	3.828495429272268

-563371.2915209909	-970597.2578835614	-2.114007879048132e6	1.0250842591002373e6	173471.8625954712	577590.8114363557	921832.7473257747	5.472342380280839e6	-28.486085357513623	-29.354217410686335	21.46902582940163	378155.2543697279	1.9810691373017028e6	368375.63986539835	8705.812880922342	2383.9735905659236	379.5682863193144	35.46361240335751	11.420023409237004	1.762156569159292	1.3622555578151208

-167122.79486627725	-813711.2655734585	-1.710010097490485e6	830269.9395942729	157920.10394701856	432578.60380836285	574068.087133126	4.379353365940134e6	30.17133874107124	29.085919324908993	-13.413266790376753	7646.2605520628	368375.63986539835	1.2389427654845691e6	347728.1836103204	10838.798034521025	2174.9529042048207	358.45036825232773	32.40919606811083	6.606165710262829	0.5891092329768982

-3475.898429488472	-716582.9792657449	-1.5428858328560505e6	720906.6544432433	147828.73399702995	368221.3579813279	404333.4089610833	3.7423226953129657e6	8.843697909058402	8.19134682007071	-17.38165232480486	2702.853952350112	8705.812880922342	347728.1836103204	917953.4823149275	306143.9335142823	11955.584689540396	2053.8846453017577	232.25204375404368	19.738305451632918	4.68966659555904

93396.30127701204	-640234.3166965812	-1.3781920633473066e6	645256.5143801502	139210.44876760824	330891.83335543756	303515.0691508473	3.296841909708781e6	-1.614907912836113	3.784349052532571	1.2218943864677083	478.7908877798577	2383.9735905659236	10838.798034521025	306143.9335142823	748495.826558461	269873.12629051576	11276.006159530029	1604.5022079640653	138.3720021379615	10.13391671900759

169641.8683059308	-582979.8992299045	-1.3058110927672745e6	589277.2103281106	132387.29893310936	308960.64796214824	236061.55312150688	2.9737092791428403e6	41.60674238260956	45.09694000601812	-56.06345291625731	145.45817959035233	379.5682863193144	2174.9529042048207	11955.584689540396	269873.12629051576	651852.8610207313	237905.3480956863	9021.15305515797	978.1272707687326	62.64692054927509

234654.08290270978	-534196.1703638816	-1.2526003213055155e6	544481.8292515173	127201.56259193558	292034.4941563467	186126.11885631538	2.7138094276749017e6	49.49195904759469	60.39980501107679	-59.573729821647504	69.4421006373573	35.46361240335751	358.45036825232773	2053.8846453017577	11276.006159530029	237905.3480956863	597377.5107299482	203874.30152502126	6124.224004329449	403.0974188231201

280646.03308380867	-485010.38150216953	-1.1841395421033953e6	500396.8953674254	120548.36404120488	276421.4444027883	142905.01822985278	2.46157676989433e6	59.350971080201205	86.430818183337	-18.26801087855434	28.090187596440597	11.420023409237004	32.40919606811083	232.25204375404368	1604.5022079640653	9021.15305515797	203874.30152502126	577792.8887333634	154168.06194583522	2520.976425402606

298074.44134233525	-416663.5134619747	-1.0450576753712216e6	436736.4889455125	110408.00863594552	242770.50925969094	95448.55950114258	2.1231536674792697e6	-24.390452820418552	-53.24005983619235	-15.137730667194143	2.632915731332069	1.762156569159292	6.606165710262829	19.738305451632918	138.3720021379615	978.1272707687326	6124.224004329449	154168.06194583522	581104.5628565346	71104.22047849235

169238.26733814494	-225878.26158546467	-536276.91386459	241664.7430449817	64555.9653613739	121930.46620892809	21633.25504380009	1.1511592702751488e6	-154.05270252032852	-267.48303800713086	-85.62694046450513	3.828495429272268	1.3622555578151208	0.5891092329768982	4.68966659555904	10.13391671900759	62.64692054927509	403.0974188231201	2520.976425402606	71104.22047849235	361892.5407145492
